N<-10
Xn<-c(0,1,1,1,0,0,0,0,0,2)
Xm<-c(0,0,1,0,0,0,0,0,0,2)