x1<-c(0, 2, 0, 0, 0, 0, 0, 0, 0, 0, 0, 1, 0, 0, 0, 0, 0, 
1, 0, 0, 0, 0, 0, 1, 0, 0, 0, 0 ,0 ,1)#A“‡‚Å‚ÌŠÏ‘ª‹L˜^
x2<-c(0, 3, 0, 0, 0, 1, 1, 1, 0, 0, 1, 1, 0, 1, 0, 1, 1, 
3, 0, 0, 0, 1, 0, 1, 0, 0, 1, 0, 0, 2)#B“‡‚Å‚ÌŠÏ‘ª‹L˜^
N<-30 #ŠÏ‘ª“ú”
